1546	82631.0
1547	-126955.0
1548	-252018.0
1549	-294452.0
155	100298.0
1550	-134678.0
1551	394459.0
1552	-89833.0
1553	-36534.0
1554	-158831.0
1555	-283440.0
1556	-133193.0
1557	39818.0
1558	-57427.0
1559	171155.0
156	-75498.0
1560	-11974.0
1561	46690.0
1562	-21433.0
1563	-193717.0
1564	25280.0
1565	-35024.0
1566	-59239.0
1567	112312.0
1568	-138370.0
1569	-104075.0
157	-123120.0
1570	405677.0
1571	85711.0
1572	237803.0
1573	146589.0
1574	188642.0
1575	-215958.0
1576	-121791.0
1577	-261686.0
1578	-273530.0
1579	-97492.0
158	120483.0
1580	-113263.0
1581	-14740.0
1582	118382.0
1583	-148231.0
1584	193230.0
1585	-207886.0
1586	30579.0
1587	-44695.0
1588	53065.0
1589	52719.0
159	-231784.0
1590	93627.0
1591	92655.0
1592	-57683.0
1593	-213504.0
1594	1183.0
1595	-200680.0
1596	125358.0
1597	411599.0
1598	217342.0
1599	38218.0
16	318453.0
160	-297218.0
1600	-394147.0
1601	-51773.0
1602	-149809.0
1603	11303.0
1604	-24065.0
1605	-14001.0
1606	-102428.0
1607	293350.0
1608	64544.0
1609	253784.0
161	84526.0
1610	87298.0
1611	47700.0
1612	-19661.0
1613	65562.0
1614	79343.0
1615	59977.0
1616	15234.0
1617	-48445.0
1618	-68002.0
1619	406406.0
162	-52406.0
1620	60078.0
1621	84622.0
1622	110422.0
1623	-102493.0
1624	-54272.0
1625	402332.0
1626	-159968.0
1627	95550.0
1628	-39642.0
1629	-200206.0
163	-85220.0
1630	-215135.0
1631	8227.0
1632	-171633.0
1633	105833.0
1634	116978.0
1635	-85603.0
1636	-37295.0
1637	-148481.0
1638	-296011.0
1639	-263786.0
164	-1066.0
1640	352731.0
1641	-61478.0
1642	167050.0
1643	162147.0
1644	-531415.0
1645	-19461.0
1646	22428.0
1647	-61035.0
1648	29155.0
1649	-19917.0
165	450603.0
1650	-237349.0
1651	92060.0
1652	-157108.0
1653	91708.0
1654	271085.0
1655	-270301.0
1656	-90866.0
1657	-54226.0
1658	-48480.0
1659	-53724.0
166	94081.0
1660	-137214.0
1661	15270.0
1662	166242.0
1663	-214806.0
1664	-104573.0
1665	-75661.0
1666	-313897.0
1667	-234702.0
1668	126427.0
1669	-163119.0
167	180018.0
1670	-100662.0
1671	46131.0
1672	109868.0
1673	189922.0
1674	324299.0
1675	4148.0
1676	-18474.0
1677	-76426.0
1678	127706.0
1679	-16753.0
168	-52676.0
1680	-101584.0
1681	-80551.0
1682	144559.0
1683	75976.0
1684	-355460.0
1685	40431.0
1686	-33944.0
1687	337041.0
1688	-212752.0
1689	-196351.0
169	126179.0
1690	-93338.0
1691	-204317.0
1692	132226.0
1693	242732.0
1694	252898.0
1695	148345.0
1696	264267.0
1697	148680.0
1698	-172701.0
1699	-24395.0
17	121376.0
170	-376678.0
1700	-103437.0
1701	132056.0
1702	-335796.0
1703	-56020.0
1704	-206378.0
1705	-26195.0
1706	-271359.0
1707	52905.0
1708	119703.0
1709	311469.0
171	225077.0
1710	92243.0
1711	-75823.0
1712	-1955.0
1713	190783.0
1714	-210337.0
1715	-28931.0
1716	-121613.0
1717	-177652.0
1718	101520.0
1719	-138792.0
172	30847.0
1720	-137248.0
1721	-197092.0
1722	56291.0
1723	76129.0
1724	103818.0
1725	-70570.0
1726	-43321.0
1727	-243953.0
1728	-358265.0
1729	181305.0
173	45983.0
1730	160261.0
1731	-221782.0
1732	164313.0
1733	23237.0
1734	-66047.0
1735	-65079.0
1736	-96871.0
1737	-205508.0
1738	-214719.0
1739	-271202.0
174	-425010.0
1740	-261935.0
1741	42819.0
1742	-101814.0
1743	-1194.0
1744	-20159.0
1745	-63002.0
1746	-63828.0
1747	173083.0
1748	-223759.0
1749	-143559.0
175	-301110.0
1750	110136.0
1751	-91464.0
1752	47945.0
1753	39338.0
1754	-46628.0
1755	50243.0
1756	-355845.0
1757	29244.0
1758	-87252.0
1759	-109364.0
176	-33398.0
1760	-6920.0
1761	373100.0
1762	11374.0
1763	-72333.0
1764	-39898.0
1765	-231643.0
1766	210308.0
1767	-121302.0
1768	-47700.0
1769	170499.0
177	120606.0
1770	84964.0
1771	-186496.0
1772	178007.0
1773	-38714.0
1774	-164802.0
1775	-648500.0
1776	-94798.0
1777	38558.0
1778	70402.0
1779	202531.0
178	83360.0
1780	-71198.0
1781	105359.0
1782	-153114.0
1783	10577.0
1784	48164.0
1785	68758.0
1786	225014.0
1787	344015.0
1788	54727.0
1789	158644.0
179	80952.0
1790	50904.0
1791	-16190.0
1792	-61732.0
1793	124395.0
1794	-337821.0
1795	160887.0
1796	-35042.0
1797	28923.0
1798	337101.0
1799	177102.0
18	-186450.0
180	89420.0
1800	-103676.0
1801	-155502.0
1802	310192.0
1803	131152.0
1804	-59060.0
1805	44225.0
1806	-354770.0
1807	-4453.0
1808	1695.0
1809	286848.0
181	-1355.0
1810	44286.0
1811	254634.0
1812	-11138.0
1813	-300110.0
1814	46074.0
1815	-352.0
1816	70404.0
1817	-226900.0
1818	-156904.0
1819	215925.0
182	-21851.0
1820	-51903.0
1821	-174476.0
1822	114120.0
1823	309910.0
1824	-98990.0
1825	-27742.0
1826	-219039.0
1827	-156272.0
1828	165572.0
1829	-259.0
183	127643.0
1830	-203486.0
1831	65380.0
1832	259027.0
1833	-62193.0
1834	-4170.0
1835	354510.0
1836	79221.0
1837	13972.0
1838	34793.0
1839	-184810.0
184	-291101.0
1840	165797.0
1841	-89542.0
1842	-85054.0
1843	-157778.0
1844	-229934.0
1845	104150.0
1846	-49255.0
1847	-86351.0
1848	219415.0
1849	90352.0
185	-96898.0
1850	-293225.0
1851	-66833.0
1852	95161.0
1853	-399083.0
1854	233466.0
1855	146858.0
1856	-365855.0
1857	211259.0
1858	123071.0
1859	178298.0
186	221892.0
1860	-51811.0
1861	112737.0
1862	-123624.0
1863	-76608.0
1864	-42146.0
1865	-89351.0
1866	-62728.0
1867	-82889.0
1868	25671.0
1869	-66943.0
187	125288.0
1870	66710.0
1871	-229579.0
1872	-98252.0
1873	-123442.0
1874	92723.0
1875	-134948.0
1876	58840.0
1877	200009.0
1878	119749.0
1879	65630.0
188	156174.0
1880	-217796.0
1881	-260801.0
1882	186985.0
1883	-52013.0
1884	11395.0
1885	-16209.0
1886	-115654.0
1887	-5710.0
1888	-16792.0
1889	-224436.0
189	221188.0
1890	109618.0
1891	37493.0
1892	-219530.0
1893	-140153.0
1894	308737.0
1895	80547.0
1896	-90935.0
1897	-227762.0
1898	144982.0
1899	-14668.0
19	-166897.0
190	-146321.0
1900	-154614.0
1901	-100033.0
1902	133086.0
1903	-63441.0
1904	-147164.0
1905	146093.0
1906	-210914.0
1907	-83956.0
1908	43328.0
1909	-252798.0
191	223427.0
1910	-31078.0
1911	-50384.0
1912	206325.0
1913	-112698.0
1914	-66932.0
1915	207941.0
1916	257394.0
1917	-129118.0
1918	-84259.0
1919	199636.0
192	80387.0
1920	23228.0
1921	50754.0
1922	-2777.0
1923	-3506.0
1924	26938.0
1925	-22519.0
1926	385568.0
1927	-2048.0
1928	-67313.0
1929	-78520.0
193	-230108.0
1930	121616.0
1931	50429.0
1932	-205949.0
1933	-27617.0
1934	115244.0
1935	39095.0
1936	136715.0
1937	-54158.0
1938	-92720.0
1939	-468763.0
194	126774.0
1940	-76360.0
1941	-24448.0
1942	256801.0
1943	-300787.0
1944	17704.0
1945	3978.0
1946	-145661.0
1947	-118099.0
1948	132307.0
1949	-7218.0
195	-44812.0
1950	-86534.0
1951	129496.0
1952	112104.0
1953	166393.0
1954	42408.0
1955	247210.0
1956	35705.0
1957	-59596.0
1958	246721.0
1959	523539.0
196	54106.0
1960	-138145.0
1961	12995.0
1962	-190166.0
1963	-66603.0
1964	-53280.0
1965	52660.0
1966	-55641.0
1967	8454.0
1968	-9423.0
1969	181918.0
197	116624.0
1970	155787.0
1971	212327.0
1972	236014.0
1973	-163345.0
1974	23987.0
1975	-64690.0
1976	-149884.0
1977	49620.0
1978	58544.0
1979	-1927.0
198	10284.0
1980	-244876.0
1981	-69866.0
1982	117577.0
1983	-2487.0
1984	21601.0
1985	21512.0
1986	158354.0
1987	158414.0
1988	16482.0
1989	36421.0
199	-96766.0
1990	-14565.0
1991	-22873.0
1992	-200596.0
1993	75079.0
1994	9367.0
1995	-33100.0
1996	-157020.0
1997	-43820.0
1998	-8634.0
1999	-53087.0
2	-227761.0
20	181521.0
200	-40184.0
2000	-315305.0
2001	-53089.0
2002	-192095.0
2003	1999.0
2004	-108463.0
2005	-137379.0
2006	53445.0
2007	106036.0
2008	60950.0
2009	170377.0
201	-597.0
2010	21475.0
2011	78303.0
2012	-64136.0
2013	-42840.0
2014	145580.0
2015	-155665.0
2016	-177592.0
2017	-279441.0
2018	-56662.0
2019	2657.0
202	151036.0
2020	-107450.0
2021	-165872.0
2022	-496223.0
2023	-18905.0
2024	-71811.0
2025	211858.0
2026	67460.0
2027	278165.0
2028	-115929.0
2029	270360.0
203	-168621.0
2030	-117410.0
2031	141361.0
2032	-22032.0
2033	-151535.0
2034	80952.0
2035	-60006.0
2036	-330169.0
2037	235436.0
2038	-99286.0
2039	-60090.0
204	283656.0
2040	-171436.0
2041	39807.0
2042	-130337.0
2043	-41231.0
2044	-208337.0
2045	-43528.0
2046	12595.0
2047	41215.0
2048	-67120.0
2049	-15680.0
205	194566.0
2050	95743.0
2051	116684.0
2052	118835.0
2053	75739.0
2054	-281163.0
2055	-306773.0
2056	90912.0
2057	-28305.0
2058	124236.0
2059	-143079.0
206	420690.0
2060	187483.0
2061	68509.0
2062	347066.0
2063	214087.0
2064	-147494.0
2065	-5411.0
2066	5319.0
2067	132928.0
2068	-71027.0
2069	58342.0
207	-368882.0
2070	-88649.0
2071	340655.0
2072	177246.0
2073	65368.0
2074	-6186.0
2075	80199.0
2076	48870.0
2077	353697.0
2078	-11395.0
2079	-261823.0
208	88929.0
2080	-205765.0
2081	87522.0
2082	-69847.0
2083	-24872.0
2084	106575.0
2085	-321779.0
2086	57796.0
2087	61996.0
2088	73988.0
2089	-181435.0
209	64679.0
2090	-218198.0
2091	148240.0
2092	139737.0
0	-75174.0
1	13018.0
10	-155060.0
100	207564.0
1000	175456.0
1001	-58029.0
1002	-70153.0
1003	257263.0
1004	-316476.0
1005	-96479.0
1006	162864.0
1007	476570.0
1008	166736.0
1009	-446104.0
101	-44482.0
1010	-111020.0
1011	181732.0
1012	43449.0
1013	-66140.0
1014	-53450.0
1015	40813.0
1016	-217760.0
1017	-181405.0
1018	57061.0
1019	-1210.0
102	-80602.0
1020	134968.0
1021	54216.0
1022	-110120.0
1023	-152442.0
1024	-302218.0
1025	21692.0
1026	22749.0
1027	174945.0
1028	229712.0
1029	-164945.0
103	-42147.0
1030	202778.0
1031	-13753.0
1032	95774.0
1033	308102.0
1034	131353.0
1035	157775.0
1036	171067.0
1037	-52973.0
1038	-235750.0
1039	15653.0
104	47498.0
1040	-315880.0
1041	4696.0
1042	336434.0
1043	-291298.0
1044	-66585.0
1045	145382.0
1046	-196532.0
1047	-23646.0
1048	-265815.0
1049	41307.0
105	133469.0
1050	68696.0
1051	54586.0
1052	237070.0
1053	-154678.0
1054	-101634.0
1055	-122341.0
1056	213725.0
1057	-118799.0
1058	36213.0
1059	145426.0
106	-232884.0
1060	-195927.0
1061	-97561.0
1062	-28559.0
1063	-339442.0
1064	335120.0
1065	-520521.0
1066	39972.0
1067	-72046.0
1068	138587.0
1069	-4335.0
107	-200903.0
1070	-90256.0
1071	-141885.0
1072	-124905.0
1073	-178494.0
1074	96041.0
1075	-39047.0
1076	39482.0
1077	33652.0
1078	226135.0
1079	188570.0
108	14369.0
1080	-220082.0
1081	-43764.0
1082	147848.0
1083	-102105.0
1084	-47672.0
1085	97862.0
1086	279652.0
1087	246268.0
1088	251665.0
1089	31773.0
109	-117077.0
1090	-52096.0
1091	70382.0
1092	-51938.0
1093	-108722.0
1094	397713.0
1095	65160.0
1096	168955.0
1097	-54776.0
1098	177078.0
1099	-5168.0
11	-48004.0
110	135495.0
1100	224875.0
1101	-23208.0
1102	-24330.0
1103	37295.0
1104	157731.0
1105	-158490.0
1106	26010.0
1107	-232205.0
1108	169845.0
1109	-264010.0
111	-150987.0
1110	-208237.0
1111	170242.0
1112	-83953.0
1113	48442.0
1114	-148975.0
1115	145828.0
1116	-77271.0
1117	-135357.0
1118	-122688.0
1119	-27244.0
112	139332.0
1120	37701.0
1121	-187900.0
1122	237045.0
1123	209388.0
1124	-55920.0
1125	93415.0
1126	363293.0
1127	86730.0
1128	320821.0
1129	274116.0
113	12290.0
1130	-296328.0
1131	37476.0
1132	-243328.0
1133	392212.0
1134	-201455.0
1135	78572.0
1136	-22949.0
1137	-47030.0
1138	-159231.0
1139	-280693.0
114	-24989.0
1140	184050.0
1141	-227153.0
1142	-155152.0
1143	13164.0
1144	-88745.0
1145	57754.0
1146	118708.0
1147	-151423.0
1148	-88131.0
1149	142669.0
115	192923.0
1150	67571.0
1151	141521.0
1152	-2619.0
1153	84687.0
1154	22612.0
1155	316500.0
1156	285331.0
1157	-48101.0
1158	-98139.0
1159	151031.0
116	108777.0
1160	134173.0
1161	226706.0
1162	-59577.0
1163	-12251.0
1164	-126977.0
1165	-129814.0
1166	-63937.0
1167	138332.0
1168	-148167.0
1169	-28399.0
117	-288493.0
1170	44402.0
1171	493455.0
1172	63215.0
1173	-41314.0
1174	68427.0
1175	-102964.0
1176	-7313.0
1177	57976.0
1178	129580.0
1179	-18366.0
118	119458.0
1180	-46007.0
1181	170737.0
1182	-14719.0
1183	-114758.0
1184	-24138.0
1185	22917.0
1186	210828.0
1187	-269484.0
1188	132185.0
1189	-375242.0
119	-82523.0
1190	164157.0
1191	-46970.0
1192	-259770.0
1193	46553.0
1194	66785.0
1195	109338.0
1196	-177581.0
1197	295085.0
1198	-41627.0
1199	159508.0
12	-77343.0
120	-107957.0
1200	-218305.0
1201	216255.0
1202	41088.0
1203	125765.0
1204	-30919.0
1205	24276.0
1206	28019.0
1207	-87731.0
1208	156388.0
1209	-326690.0
121	184388.0
1210	-107056.0
1211	-78600.0
1212	-13951.0
1213	-42119.0
1214	-128451.0
1215	-330636.0
1216	113669.0
1217	-60047.0
1218	-236314.0
1219	-75084.0
122	-220070.0
1220	296915.0
1221	-21218.0
1222	-125570.0
1223	-362425.0
1224	75198.0
1225	152476.0
1226	62155.0
1227	-174827.0
1228	-49052.0
1229	-135428.0
123	-223644.0
1230	293901.0
1231	150995.0
1232	-137064.0
1233	100275.0
1234	124232.0
1235	127578.0
1236	-158188.0
1237	120162.0
1238	-5627.0
1239	259394.0
124	-22080.0
1240	-71840.0
1241	-197594.0
1242	65333.0
1243	58723.0
1244	232744.0
1245	-294058.0
1246	163844.0
1247	27501.0
1248	10799.0
1249	-81264.0
125	217577.0
1250	80707.0
1251	-317654.0
1252	-234576.0
1253	403596.0
1254	-465115.0
1255	152190.0
1256	-92184.0
1257	102009.0
1258	140251.0
1259	236423.0
126	-193002.0
1260	-67914.0
1261	194033.0
1262	121344.0
1263	-1654.0
1264	300785.0
1265	-52857.0
1266	-327294.0
1267	55578.0
1268	-270602.0
1269	-145188.0
127	-144048.0
1270	-88605.0
1271	-129590.0
1272	356028.0
1273	-284479.0
1274	4318.0
1275	78790.0
1276	251658.0
1277	-140667.0
1278	156089.0
1279	107999.0
128	-70029.0
1280	-253421.0
1281	-10972.0
1282	76710.0
1283	94998.0
1284	2580.0
1285	-66946.0
1286	-277561.0
1287	27838.0
1288	19100.0
1289	-167245.0
129	-63807.0
1290	78535.0
1291	21143.0
1292	-150860.0
1293	26579.0
1294	68282.0
1295	-120082.0
1296	106037.0
1297	9814.0
1298	48292.0
1299	159936.0
13	-32785.0
130	15486.0
1300	-25135.0
1301	-170726.0
1302	-6674.0
1303	-287450.0
1304	165984.0
1305	160310.0
1306	62211.0
1307	110601.0
1308	-2430.0
1309	293658.0
131	173529.0
1310	-100929.0
1311	-154407.0
1312	77594.0
1313	-212160.0
1314	-28649.0
1315	-81203.0
1316	-93592.0
1317	-61984.0
1318	153099.0
1319	-340433.0
132	-114660.0
1320	352699.0
1321	42485.0
1322	-25121.0
1323	49517.0
1324	148909.0
1325	48556.0
1326	272629.0
1327	-83054.0
1328	246854.0
1329	18064.0
133	98160.0
1330	57699.0
1331	-184759.0
1332	-318676.0
1333	129257.0
1334	-1178.0
1335	-404464.0
1336	-110077.0
1337	60636.0
1338	238876.0
1339	103150.0
134	111.0
1340	-226296.0
1341	-11068.0
1342	-52898.0
1343	150901.0
1344	-179140.0
1345	-13587.0
1346	345629.0
1347	-11031.0
1348	55041.0
1349	108727.0
135	-151249.0
1350	-89366.0
1351	307583.0
1352	-224859.0
1353	-84528.0
1354	77459.0
1355	67502.0
1356	-263602.0
1357	-11294.0
1358	-92570.0
1359	-97757.0
136	153064.0
1360	40704.0
1361	274363.0
1362	-117767.0
1363	133299.0
1364	-107690.0
1365	-344629.0
1366	56588.0
1367	-17005.0
1368	93930.0
1369	-78399.0
137	197895.0
1370	69421.0
1371	218102.0
1372	155019.0
1373	333455.0
1374	177320.0
1375	248397.0
1376	-336736.0
1377	257462.0
1378	-67240.0
1379	-96911.0
138	-24547.0
1380	-11415.0
1381	125487.0
1382	69781.0
1383	-174739.0
1384	-39095.0
1385	185697.0
1386	40798.0
1387	63172.0
1388	15188.0
1389	-58679.0
139	539332.0
1390	-179390.0
1391	167213.0
1392	-316599.0
1393	-65014.0
1394	98750.0
1395	-113461.0
1396	20674.0
1397	120448.0
1398	62760.0
1399	320542.0
14	172471.0
140	-26742.0
1400	2871.0
1401	-405945.0
1402	-135513.0
1403	23331.0
1404	47593.0
1405	-89688.0
1406	191800.0
1407	-151574.0
1408	63641.0
1409	-190620.0
141	-241070.0
1410	-42022.0
1411	-75669.0
1412	246954.0
1413	128828.0
1414	167098.0
1415	17565.0
1416	-93842.0
1417	-24815.0
1418	34475.0
1419	-25608.0
142	168871.0
1420	83187.0
1421	-173482.0
1422	-110664.0
1423	-16224.0
1424	-93874.0
1425	58499.0
1426	-85343.0
1427	53672.0
1428	-48277.0
1429	235866.0
143	212655.0
1430	-64734.0
1431	-76329.0
1432	-117175.0
1433	167392.0
1434	227137.0
1435	-38067.0
1436	-126290.0
1437	-104161.0
1438	152473.0
1439	-79233.0
144	-172585.0
1440	186976.0
1441	221254.0
1442	-228712.0
1443	48248.0
1444	-61860.0
1445	327896.0
1446	342787.0
1447	32065.0
1448	-38167.0
1449	-246824.0
145	-129104.0
1450	-296720.0
1451	-3688.0
1452	-195092.0
1453	-151693.0
1454	-62526.0
1455	46696.0
1456	127496.0
1457	-104007.0
1458	-104709.0
1459	-190955.0
146	313565.0
1460	86565.0
1461	-225749.0
1462	-60245.0
1463	-315363.0
1464	58782.0
1465	311213.0
1466	122260.0
1467	-5255.0
1468	207014.0
1469	287630.0
147	131899.0
1470	2542.0
1471	-5299.0
1472	-4039.0
1473	33133.0
1474	-96896.0
1475	74273.0
1476	98194.0
1477	70471.0
1478	195885.0
1479	-110107.0
148	-71621.0
1480	-136091.0
1481	-63576.0
1482	171025.0
1483	65284.0
1484	16111.0
1485	137188.0
1486	394357.0
1487	37495.0
1488	-77386.0
1489	61952.0
149	93462.0
1490	-110059.0
1491	-51118.0
1492	20732.0
1493	265085.0
1494	337555.0
1495	-228941.0
1496	-70565.0
1497	-252505.0
1498	-98409.0
1499	-148451.0
15	-23478.0
150	70933.0
1500	104878.0
1501	36485.0
1502	110827.0
1503	-35132.0
1504	132110.0
1505	127717.0
1506	15904.0
1507	-390946.0
1508	-81371.0
1509	55294.0
151	241932.0
1510	-369647.0
1511	-131061.0
1512	191378.0
1513	327507.0
1514	-274167.0
1515	86615.0
1516	-358785.0
1517	-45335.0
1518	63459.0
1519	140041.0
152	235235.0
1520	-149868.0
1521	220712.0
1522	-121002.0
1523	-91532.0
1524	-292713.0
1525	-93583.0
1526	405596.0
1527	-124931.0
1528	11129.0
1529	256233.0
153	-74656.0
1530	-200226.0
1531	-330020.0
1532	32112.0
1533	21751.0
1534	-149480.0
1535	105706.0
1536	-103802.0
1537	-119010.0
1538	-299002.0
1539	41603.0
154	142943.0
1540	-272486.0
1541	-89201.0
1542	96161.0
1543	-137305.0
1544	-29071.0
1545	31306.0
403	32156.0
404	185905.0
405	-225177.0
406	10399.0
407	-74680.0
408	-196524.0
409	7184.0
41	-245733.0
410	-63036.0
411	-34115.0
412	-276492.0
413	-118366.0
414	-118837.0
415	-41317.0
416	-104122.0
417	183405.0
418	71944.0
419	164457.0
42	-36597.0
420	60148.0
421	76199.0
422	-270046.0
423	-43080.0
424	-94099.0
425	-192254.0
426	125575.0
427	-151058.0
428	243296.0
429	-147087.0
43	-22641.0
430	-42322.0
431	-75841.0
432	-162234.0
433	-207064.0
434	-113287.0
435	-115840.0
436	349543.0
437	233514.0
438	-195740.0
439	213685.0
44	-92195.0
440	-136311.0
441	95040.0
442	13825.0
443	92321.0
444	-23791.0
445	77550.0
446	74576.0
447	-12161.0
448	-43799.0
449	-154994.0
45	88586.0
450	-155601.0
451	173153.0
452	90105.0
453	155749.0
454	-52891.0
455	-47015.0
456	-154511.0
457	388270.0
458	-10576.0
459	-133122.0
46	-74880.0
460	126592.0
461	-38945.0
462	61088.0
463	325596.0
464	311213.0
465	227065.0
466	-131267.0
467	-48542.0
468	-64339.0
469	22082.0
47	-22491.0
470	8800.0
471	18685.0
472	194736.0
473	126188.0
474	-15165.0
475	-145678.0
476	-292468.0
477	125701.0
478	165378.0
479	-42753.0
48	-280609.0
480	93841.0
481	-134972.0
482	-32105.0
483	-37863.0
484	357638.0
485	96987.0
486	61144.0
487	29476.0
488	-53506.0
489	155084.0
49	157730.0
490	64808.0
491	110249.0
492	211789.0
493	-154961.0
494	-124097.0
495	18210.0
496	168654.0
497	-34440.0
498	244542.0
499	61824.0
5	-105695.0
50	104963.0
500	199696.0
501	60611.0
502	89197.0
503	75303.0
504	76003.0
505	162694.0
506	75976.0
507	-91883.0
508	155901.0
509	-143815.0
51	-229177.0
510	106063.0
511	48359.0
512	379297.0
513	154077.0
514	9460.0
515	302969.0
516	-363047.0
517	-352463.0
518	-73009.0
519	244585.0
52	38687.0
520	72703.0
521	-111247.0
522	59249.0
523	108988.0
524	-125473.0
525	-342081.0
526	-181122.0
527	-213668.0
528	145993.0
529	27440.0
53	-138074.0
530	-133958.0
531	-162893.0
532	-126216.0
533	51312.0
534	-127062.0
535	-115628.0
536	16628.0
537	-280625.0
538	144422.0
539	-94802.0
54	173045.0
540	-71286.0
541	167455.0
542	201729.0
543	264042.0
544	-127112.0
545	-109451.0
546	-41689.0
547	-15426.0
548	20880.0
549	492808.0
55	15948.0
550	13573.0
551	-227938.0
552	-308341.0
553	-268747.0
554	12713.0
555	60871.0
556	163430.0
557	-22995.0
558	-157284.0
559	-297443.0
56	83839.0
560	215787.0
561	55510.0
562	-263678.0
563	318278.0
564	-162899.0
565	-134685.0
566	53269.0
567	40950.0
568	32925.0
569	230637.0
57	-31242.0
570	-91771.0
571	105764.0
572	256205.0
573	93442.0
574	37846.0
575	173224.0
576	79408.0
577	-57333.0
578	102295.0
579	7399.0
58	38026.0
580	155431.0
581	1262.0
582	150422.0
583	17125.0
584	-12094.0
585	341981.0
586	152555.0
587	316117.0
588	-194648.0
589	17184.0
59	-16361.0
590	3903.0
591	-33305.0
592	37893.0
593	67261.0
594	62066.0
595	56649.0
596	77528.0
597	-57312.0
598	96315.0
599	-21242.0
6	-78755.0
60	-131884.0
600	81212.0
601	-372757.0
602	20403.0
603	-230904.0
604	-96110.0
605	127402.0
606	-18187.0
607	-45096.0
608	126038.0
609	44066.0
61	127950.0
610	317453.0
611	-32058.0
612	-161740.0
613	-4695.0
614	79045.0
615	-16888.0
616	-288435.0
617	-113224.0
618	-39800.0
619	-321899.0
62	-394934.0
620	-100198.0
621	72129.0
622	-142408.0
623	301803.0
624	53237.0
625	-463094.0
626	-365028.0
627	-435076.0
628	-121946.0
629	-272141.0
63	-185169.0
630	-285257.0
631	-82330.0
632	-226950.0
633	-93623.0
634	46059.0
635	48107.0
636	266511.0
637	38047.0
638	-247722.0
639	-187316.0
64	169629.0
640	217417.0
641	-128162.0
642	65998.0
643	141780.0
644	-354854.0
645	331963.0
646	110185.0
647	-176856.0
648	-266300.0
649	-295595.0
65	-174140.0
650	-60478.0
651	55031.0
652	21800.0
653	107379.0
654	-280596.0
655	98522.0
656	-103602.0
657	-63104.0
658	-199873.0
659	190763.0
66	-37881.0
660	41791.0
661	-95056.0
662	94619.0
663	-63437.0
664	-130249.0
665	-59242.0
666	243450.0
667	-62873.0
668	167839.0
669	-130006.0
67	336250.0
670	209598.0
671	-73976.0
672	-89412.0
673	113521.0
674	111406.0
675	215652.0
676	-320214.0
677	128210.0
678	-71898.0
679	153917.0
68	-56743.0
680	53261.0
681	242170.0
682	-81150.0
683	-72872.0
684	-91928.0
685	4355.0
686	34592.0
687	-220187.0
688	186415.0
689	106018.0
69	-67788.0
690	50212.0
691	-281099.0
692	355460.0
693	13493.0
694	140183.0
695	27240.0
696	-375758.0
697	14665.0
698	208643.0
699	-134307.0
7	28786.0
70	79359.0
700	-52417.0
701	-26826.0
702	434679.0
703	89987.0
704	-43754.0
705	70919.0
706	-309450.0
707	-188336.0
708	-74040.0
709	99822.0
71	101932.0
710	-236184.0
711	134670.0
712	177796.0
713	17892.0
714	116934.0
715	21722.0
716	-135344.0
717	130469.0
718	290053.0
719	315031.0
72	-211719.0
720	75466.0
721	74010.0
722	107549.0
723	10101.0
724	-40949.0
725	175662.0
726	-113247.0
727	104555.0
728	-227853.0
729	103631.0
73	-50803.0
730	-35596.0
731	71543.0
732	-214533.0
733	115710.0
734	-267464.0
735	-98544.0
736	-372025.0
737	62077.0
738	-65241.0
739	26613.0
74	-22346.0
740	-32932.0
741	53595.0
742	147682.0
743	-295566.0
744	1035.0
745	-337653.0
746	177552.0
747	-144477.0
748	-158152.0
749	-131101.0
75	154168.0
750	212372.0
751	116256.0
752	-164491.0
753	-78938.0
754	-100436.0
755	-190451.0
756	388509.0
757	160442.0
758	268645.0
759	-63740.0
76	-248731.0
760	-164841.0
761	125441.0
762	147621.0
763	-53095.0
764	254968.0
765	130254.0
766	139641.0
767	-8641.0
768	125471.0
769	80478.0
77	13815.0
770	37564.0
771	-314752.0
772	-351002.0
773	-81183.0
774	158444.0
775	28726.0
776	-32171.0
777	-3953.0
778	-231237.0
779	-218990.0
78	-158889.0
780	20474.0
781	-109637.0
782	224461.0
783	53268.0
784	63141.0
785	116231.0
786	8253.0
787	-215401.0
788	175245.0
789	-224906.0
79	58302.0
790	-35126.0
791	-232273.0
792	-11611.0
793	-125144.0
794	79774.0
795	-34045.0
796	66001.0
797	-257527.0
798	-110712.0
799	-22024.0
8	227839.0
80	106386.0
800	156353.0
801	-46157.0
802	-253641.0
803	-12453.0
804	-429849.0
805	-31591.0
806	-6899.0
807	116884.0
808	25980.0
809	-128259.0
81	205794.0
810	158516.0
811	-98854.0
812	-76390.0
813	-210645.0
814	-132971.0
815	-81409.0
816	-389087.0
817	272707.0
818	267602.0
819	415579.0
82	70898.0
820	-122728.0
821	-184705.0
822	-36519.0
823	201867.0
824	40793.0
825	53493.0
826	-4375.0
827	35852.0
828	-289337.0
829	539266.0
83	15579.0
830	171398.0
831	92425.0
832	201730.0
833	42262.0
834	84571.0
835	110857.0
836	-184548.0
837	189831.0
838	-42770.0
839	-36973.0
84	-316519.0
840	183386.0
841	-69778.0
842	-216290.0
843	-133190.0
844	-110893.0
845	-57289.0
846	-430904.0
847	196105.0
848	-247246.0
849	47094.0
85	141908.0
850	41494.0
851	106937.0
852	46874.0
853	-17182.0
854	-103951.0
855	183128.0
856	-14943.0
857	271206.0
858	-37543.0
859	-69677.0
86	-292016.0
860	52015.0
861	-25298.0
862	-181051.0
863	-206887.0
864	-141358.0
865	-107001.0
866	30101.0
867	188367.0
868	206286.0
869	-219813.0
87	319539.0
870	14418.0
871	-197409.0
872	53010.0
873	-211855.0
874	-233252.0
875	46194.0
876	192253.0
877	-45247.0
878	194391.0
879	-66826.0
88	-45619.0
880	-30057.0
881	60525.0
882	-242716.0
883	103295.0
884	-67934.0
885	372051.0
886	5597.0
887	-34795.0
888	-61197.0
889	-230524.0
89	309147.0
890	8326.0
891	82323.0
892	9007.0
893	192011.0
894	306150.0
895	22124.0
896	-18704.0
897	-120447.0
898	-60095.0
899	-429803.0
9	-257593.0
90	106884.0
900	101876.0
901	-121655.0
902	-68656.0
903	197238.0
904	-94815.0
905	140882.0
906	-14238.0
907	129861.0
908	-1578.0
909	-89220.0
91	-105300.0
910	284726.0
911	174236.0
912	-41958.0
913	239090.0
914	-189870.0
915	-21239.0
916	180137.0
917	384285.0
918	-142224.0
919	91601.0
92	-260278.0
920	-127866.0
921	-124335.0
922	29928.0
923	115305.0
924	-87121.0
925	88143.0
926	971.0
927	39222.0
928	-299951.0
929	-151632.0
93	-307711.0
930	-41708.0
931	216139.0
932	-38439.0
933	47210.0
934	131487.0
935	-126525.0
936	-169943.0
937	-318319.0
938	9499.0
939	321273.0
94	223078.0
940	-80687.0
941	-36693.0
942	-142123.0
943	-84742.0
944	18764.0
945	-27478.0
946	-62286.0
947	-92860.0
948	-29081.0
949	-19744.0
95	63565.0
950	85658.0
951	-134946.0
952	-25441.0
953	82627.0
954	-113319.0
955	19781.0
956	-93486.0
957	-149624.0
958	64556.0
959	-29167.0
96	-101736.0
960	-42231.0
961	-205803.0
962	8256.0
963	-119494.0
964	-88296.0
965	-86221.0
966	433873.0
967	330203.0
968	-133668.0
969	-96731.0
97	366438.0
970	-75582.0
971	49748.0
972	22351.0
973	86570.0
974	19870.0
975	14748.0
976	-2184.0
977	-73975.0
978	-33828.0
979	-165174.0
98	-239730.0
980	172755.0
981	-53858.0
982	272654.0
983	-125104.0
984	84219.0
985	-78043.0
986	68256.0
987	-129617.0
988	-240827.0
989	-136349.0
99	-59847.0
990	-135228.0
991	-226268.0
992	-170685.0
993	34651.0
994	115370.0
995	-103018.0
996	331920.0
997	-59322.0
998	-139886.0
999	90624.0
2093	241304.0
2094	-229083.0
2095	136999.0
2096	464650.0
2097	18055.0
2098	64179.0
2099	112190.0
21	25580.0
210	-171748.0
2100	-28106.0
2101	-21535.0
2102	-270297.0
2103	10003.0
2104	182095.0
2105	144720.0
2106	-127553.0
2107	2192.0
2108	53145.0
2109	-47306.0
211	-18251.0
2110	-42869.0
2111	-470516.0
2112	243318.0
2113	477130.0
2114	-256500.0
2115	10029.0
2116	-178075.0
2117	53260.0
2118	14955.0
2119	13724.0
212	182899.0
2120	-458072.0
2121	-93122.0
2122	-3255.0
2123	-204310.0
2124	-58385.0
2125	-55745.0
2126	80413.0
2127	-96204.0
2128	-14867.0
2129	118872.0
213	-459145.0
2130	37843.0
2131	206451.0
2132	294355.0
2133	-122852.0
2134	-36439.0
2135	69388.0
2136	-322863.0
2137	-260.0
2138	-49762.0
2139	194707.0
214	-10022.0
2140	-256992.0
2141	-253658.0
2142	136411.0
2143	304734.0
2144	-403704.0
2145	87329.0
2146	278207.0
2147	41476.0
2148	-151237.0
2149	157942.0
215	132630.0
2150	307567.0
2151	146098.0
2152	-187120.0
2153	156751.0
2154	-122766.0
2155	192992.0
2156	145667.0
2157	-314287.0
2158	-32897.0
2159	-118033.0
216	-151529.0
2160	-174870.0
2161	-110870.0
2162	-227160.0
2163	-189773.0
2164	100633.0
2165	34570.0
2166	-166739.0
2167	-148148.0
2168	65485.0
2169	22171.0
217	298076.0
2170	-64979.0
2171	-232306.0
2172	-219789.0
2173	-171954.0
2174	66812.0
2175	-31570.0
2176	76093.0
2177	-133131.0
2178	-169364.0
2179	61194.0
218	211444.0
2180	103283.0
2181	31641.0
2182	-249769.0
2183	-201307.0
2184	-215624.0
2185	-152001.0
2186	-74779.0
2187	-79065.0
2188	243786.0
2189	-5999.0
219	2464.0
2190	-171205.0
2191	85195.0
2192	-182428.0
2193	-102142.0
2194	-139428.0
2195	-879.0
2196	101009.0
2197	-115590.0
2198	-16110.0
2199	5323.0
22	125689.0
220	-30225.0
2200	79408.0
2201	191436.0
2202	230704.0
2203	-290163.0
2204	76498.0
2205	-245752.0
2206	-97518.0
2207	155681.0
2208	252285.0
2209	-85642.0
221	314902.0
2210	156872.0
2211	116732.0
2212	55714.0
2213	232956.0
2214	-388947.0
2215	-159865.0
2216	-44470.0
2217	58653.0
2218	-18929.0
2219	68815.0
222	-23815.0
2220	-33429.0
2221	-242444.0
2222	103321.0
2223	59618.0
2224	-78306.0
2225	-119574.0
2226	-32649.0
2227	69021.0
2228	33208.0
2229	319346.0
223	61640.0
2230	167750.0
2231	169142.0
2232	-76278.0
2233	28911.0
2234	-440946.0
2235	45401.0
2236	-8005.0
2237	-76014.0
2238	-329166.0
2239	104873.0
224	-216020.0
2240	-10373.0
2241	-45589.0
2242	-32859.0
2243	-128763.0
2244	-107568.0
2245	104280.0
2246	-257973.0
2247	146487.0
2248	-27077.0
2249	-161999.0
225	163209.0
2250	-138461.0
2251	235483.0
2252	-151182.0
2253	-81298.0
2254	-333285.0
2255	106006.0
2256	23160.0
2257	-8991.0
2258	18408.0
2259	223347.0
226	194541.0
2260	250679.0
2261	-156570.0
2262	-91301.0
2263	-68943.0
2264	245299.0
2265	126035.0
2266	31167.0
2267	-43569.0
2268	-63825.0
2269	-322678.0
227	-55546.0
2270	31390.0
2271	-134525.0
2272	-134032.0
2273	123986.0
2274	-358450.0
2275	28767.0
2276	-201945.0
2277	-348162.0
2278	48611.0
2279	-256656.0
228	123527.0
2280	-430556.0
2281	-150444.0
2282	-66190.0
2283	114209.0
2284	-146479.0
2285	-43757.0
2286	137853.0
2287	-10414.0
2288	170359.0
2289	-157223.0
229	-56008.0
2290	-146687.0
2291	-83514.0
2292	-30793.0
2293	-311848.0
2294	5633.0
2295	-361224.0
2296	-38420.0
2297	-211243.0
2298	195366.0
2299	-417707.0
23	-52148.0
230	-141013.0
2300	-6862.0
2301	-144113.0
2302	121495.0
2303	-68906.0
2304	161905.0
2305	24155.0
2306	-45509.0
2307	-25543.0
2308	267872.0
2309	51650.0
231	231697.0
2310	-34029.0
2311	208355.0
2312	-142781.0
2313	-101441.0
2314	296739.0
2315	-105779.0
2316	54180.0
2317	-40930.0
2318	-4245.0
2319	-110943.0
232	166218.0
2320	168792.0
2321	168429.0
2322	-492152.0
2323	-270604.0
2324	15325.0
2325	60341.0
2326	65596.0
2327	44774.0
2328	-95348.0
2329	-192798.0
233	-18821.0
2330	-207313.0
2331	241535.0
2332	-204450.0
2333	-360539.0
2334	138037.0
2335	-50085.0
2336	-201412.0
2337	222243.0
2338	-263429.0
2339	148301.0
234	-124257.0
2340	62985.0
2341	150791.0
2342	-417223.0
2343	-204862.0
2344	-182790.0
2345	184642.0
2346	234177.0
2347	-101001.0
2348	34767.0
2349	-92279.0
235	-4782.0
2350	-41307.0
2351	170731.0
2352	252455.0
2353	108364.0
2354	-63737.0
2355	16802.0
2356	55624.0
2357	-137515.0
2358	-126109.0
2359	42724.0
236	-251088.0
2360	-10751.0
2361	-120381.0
2362	-242318.0
2363	-177426.0
2364	-17761.0
2365	-122910.0
2366	-146445.0
2367	-133714.0
2368	-290567.0
2369	-111295.0
237	114508.0
2370	137816.0
2371	153417.0
2372	209213.0
2373	-22390.0
2374	27156.0
2375	188566.0
2376	291766.0
2377	126222.0
2378	-190624.0
2379	186512.0
238	20754.0
2380	-23519.0
2381	-160498.0
2382	-128856.0
2383	-197655.0
2384	235350.0
2385	-137374.0
2386	-64710.0
2387	77605.0
2388	-273996.0
2389	24303.0
239	196243.0
2390	132679.0
2391	-25477.0
2392	-147241.0
2393	118489.0
2394	64290.0
2395	191958.0
2396	65531.0
2397	-145690.0
2398	63672.0
2399	-206075.0
24	18863.0
240	-31883.0
2400	15936.0
2401	-17476.0
2402	160231.0
2403	-119887.0
2404	-173302.0
2405	-4977.0
2406	257222.0
2407	-142362.0
2408	62057.0
2409	16309.0
241	-449.0
2410	-289151.0
2411	-4084.0
2412	-52207.0
2413	-64365.0
2414	295522.0
2415	-18184.0
2416	105104.0
2417	60571.0
2418	58111.0
2419	202678.0
242	54639.0
2420	43962.0
2421	-40949.0
2422	15704.0
2423	102212.0
2424	95839.0
2425	278240.0
2426	-78239.0
2427	134546.0
2428	-430273.0
2429	-261326.0
243	-242343.0
2430	268122.0
2431	-181160.0
2432	-163296.0
2433	156161.0
2434	227584.0
2435	89856.0
2436	227446.0
2437	-51846.0
2438	-8330.0
2439	-10821.0
244	15993.0
2440	-150201.0
2441	178073.0
2442	-196711.0
2443	152504.0
2444	-80744.0
2445	96120.0
2446	146769.0
2447	146930.0
2448	330735.0
2449	-69438.0
245	75576.0
2450	85861.0
2451	-58090.0
2452	-174255.0
2453	-355024.0
2454	-453332.0
2455	74544.0
2456	-283513.0
2457	342988.0
2458	216599.0
2459	45038.0
246	-130305.0
2460	296341.0
2461	-31606.0
2462	151231.0
2463	112883.0
2464	245.0
2465	-80074.0
2466	2120.0
2467	-67775.0
2468	-193100.0
2469	-47802.0
247	-266068.0
2470	-181198.0
2471	20098.0
2472	-69560.0
2473	-179136.0
2474	20816.0
2475	-93149.0
2476	-59233.0
2477	129598.0
2478	93737.0
2479	-91077.0
248	108111.0
2480	30347.0
2481	-52722.0
2482	-145169.0
2483	106534.0
2484	-286799.0
2485	218932.0
2486	119220.0
2487	-105567.0
2488	126309.0
2489	-90448.0
249	-30351.0
2490	10642.0
2491	99956.0
2492	28953.0
2493	-9159.0
2494	67188.0
2495	-73789.0
2496	371164.0
2497	-123502.0
2498	200039.0
2499	92509.0
25	217714.0
250	-67608.0
251	129664.0
252	126898.0
253	213267.0
254	-90101.0
255	125851.0
256	103552.0
257	-138573.0
258	160115.0
259	249269.0
26	-130650.0
260	50797.0
261	237770.0
262	153204.0
263	49514.0
264	-280250.0
265	164997.0
266	-35915.0
267	66763.0
268	136443.0
269	-261122.0
27	-136525.0
270	29957.0
271	-11805.0
272	-154184.0
273	-184374.0
274	-46200.0
275	11543.0
276	-84111.0
277	-128478.0
278	-163823.0
279	-35296.0
28	423910.0
280	-162218.0
281	14095.0
282	-160275.0
283	196612.0
284	196802.0
285	-71442.0
286	258367.0
287	-2760.0
288	-100192.0
289	88426.0
29	55599.0
290	-59540.0
291	13324.0
292	174533.0
293	61771.0
294	121409.0
295	-7483.0
296	114684.0
297	40002.0
298	68481.0
299	20241.0
3	432031.0
30	-19364.0
300	-63633.0
301	-24533.0
302	-57998.0
303	-89339.0
304	151228.0
305	201244.0
306	75374.0
307	-35065.0
308	-55774.0
309	-86131.0
31	-179030.0
310	-276019.0
311	-158059.0
312	-201324.0
313	-283242.0
314	284430.0
315	-52183.0
316	451454.0
317	125441.0
318	159448.0
319	141945.0
32	18826.0
320	256230.0
321	297731.0
322	-283134.0
323	-64732.0
324	217391.0
325	-83155.0
326	-85527.0
327	198159.0
328	-182604.0
329	18606.0
33	25678.0
330	-271306.0
331	-145998.0
332	-78199.0
333	-99653.0
334	15505.0
335	315.0
336	-34776.0
337	-65014.0
338	54626.0
339	-46600.0
34	-84734.0
340	-83618.0
341	-101153.0
342	-135110.0
343	128123.0
344	26768.0
345	-101185.0
346	-28628.0
347	177061.0
348	-174040.0
349	439268.0
35	-147203.0
350	-45862.0
351	-186097.0
352	-80721.0
353	-3990.0
354	184452.0
355	71221.0
356	-93009.0
357	151062.0
358	28683.0
359	148010.0
36	37567.0
360	143913.0
361	67861.0
362	34219.0
363	-89973.0
364	-162149.0
365	57410.0
366	63328.0
367	262563.0
368	-22469.0
369	-78270.0
37	182186.0
370	-174286.0
371	30047.0
372	73209.0
373	-99110.0
374	-126172.0
375	-43914.0
376	287196.0
377	63578.0
378	-25335.0
379	97172.0
38	-541225.0
380	-213992.0
381	330649.0
382	53707.0
383	160742.0
384	-60011.0
385	304602.0
386	-241157.0
387	-40764.0
388	22824.0
389	-132163.0
39	40239.0
390	9266.0
391	-308645.0
392	-123593.0
393	99978.0
394	-103434.0
395	24793.0
396	60975.0
397	221856.0
398	13584.0
399	-223740.0
4	29016.0
40	104070.0
400	53306.0
401	-68402.0
402	68833.0
